{
 "metadata": {
  "name": "",
  "signature": "sha256:dbafe4b5b584acf0583a208a96fb9e6588eee8f90ee067adfe56f7e858173df9"
 },
 "nbformat": 3,
 "nbformat_minor": 0,
 "worksheets": [
  {
   "cells": [
    {
     "cell_type": "markdown",
     "metadata": {},
     "source": [
      "Problem Set 1: Statistics in Python\n",
      "=====\n",
      "\n",
      "In this problem set, you will use iPython notebook and various python tools to read data and analyze it.\n",
      "\n",
      "We will use data from the paper [More Tweets, More Votes](http://www.plosone.org/article/info%3Adoi%2F10.1371%2Fjournal.pone.0079449), which is helpfully provided online [here](http://thedata.harvard.edu/dvn/dv/MTMV/faces/study/StudyPage.xhtml?globalId=doi:10.7910/DVN/23103)."
     ]
    },
    {
     "cell_type": "code",
     "collapsed": false,
     "input": [
      "%pylab inline\n",
      "import numpy as np\n",
      "import scipy as sp\n",
      "import matplotlib.pyplot as plt\n",
      "from scipy.stats import binom"
     ],
     "language": "python",
     "metadata": {},
     "outputs": [
      {
       "output_type": "stream",
       "stream": "stdout",
       "text": [
        "Populating the interactive namespace from numpy and matplotlib\n"
       ]
      }
     ],
     "prompt_number": 1
    },
    {
     "cell_type": "markdown",
     "metadata": {},
     "source": [
      "We'll import matplotlib to make the graphics.\n",
      "\n",
      "- Here is the [official distribution](http://matplotlib.org/)\n",
      "- Here is [a tutorial](http://www.labri.fr/perso/nrougier/teaching/matplotlib) with some nice examples"
     ]
    },
    {
     "cell_type": "markdown",
     "metadata": {},
     "source": [
      "# Basic data processing #\n",
      "\n",
      "**Deliverable 1.1** The data is provided in CSV format. Read it into a Pandas DataFrame.\n",
      "\n",
      "(See the stats refresher notebook if you don't know how to do this.)"
     ]
    },
    {
     "cell_type": "code",
     "collapsed": false,
     "input": [
      "# your code here"
     ],
     "language": "python",
     "metadata": {},
     "outputs": [],
     "prompt_number": 1
    },
    {
     "cell_type": "markdown",
     "metadata": {},
     "source": [
      "This dataset contains rows for each congressional district in the United States. \n",
      "The demographic information is from the 2010 U.S. Census, I think.\n",
      "\n",
      "- vote_share: share of votes for republican candidate\n",
      "- m_share: message share for republican candidate\n",
      "- e_share: user share for republican candidate\n",
      "- rep_inc: binary variable indicating whether there is a republican incumbent\n",
      "- mccain: percentage of vote for John McCain in 2008\n",
      "- median_age: median age (of voters?)\n",
      "- pct_white: percentage of voters/residents who self-identify as white\n",
      "- pct_college: percentage of voters/residents who attended (graduated?) college\n",
      "- med_hhinc: median household income\n",
      "- pct_female: percentage of voters/residents who are female\n",
      "- aug_mshare, sep_mshare, oct_mshare: twitter message share for republican candidate, by month\n",
      "- aug_cnnshare, sep_cnnshare, oct_cnnshare: CNN share for republican candidate, by month\n",
      "- vote_share_12: vote share in 2012\n",
      "- mshare_12: message share in 2012"
     ]
    },
    {
     "cell_type": "markdown",
     "metadata": {},
     "source": [
      "You can print the mean values of each column in the dataframe using the mean() command:"
     ]
    },
    {
     "cell_type": "code",
     "collapsed": false,
     "input": [
      "df.mean()"
     ],
     "language": "python",
     "metadata": {},
     "outputs": [
      {
       "metadata": {},
       "output_type": "pyout",
       "prompt_number": 132,
       "text": [
        "district         218.000000\n",
        "vote_share        50.501573\n",
        "mshare            50.243415\n",
        "eshare            50.496936\n",
        "rep_inc            0.360920\n",
        "mccain            44.972414\n",
        "median_age        37.543678\n",
        "pct_white         73.844598\n",
        "pct_college       28.201379\n",
        "med_hhinc         51.934968\n",
        "pct_female        50.837011\n",
        "cshare_nm         13.822981\n",
        "aug_mshare        41.627825\n",
        "sep_mshare        47.275446\n",
        "oct_mshare        49.662775\n",
        "aug_cnnshare       0.050680\n",
        "sep_cnnshare       0.070079\n",
        "oct_cnnshare       0.084025\n",
        "vote_share_12     48.654619\n",
        "mshare_12         52.816461\n",
        "dtype: float64"
       ]
      }
     ],
     "prompt_number": 132
    },
    {
     "cell_type": "markdown",
     "metadata": {},
     "source": [
      "** Deliverable 1.2** \n",
      "- The \"rep_inc\" column indicates whether the district had a republican incumbent representative.\n",
      "- Compute the mean and median pct_female (percentage female) in districts that had Republican incumbents, and in districts that did not.\n",
      "- Check the Pandas documentation if you can't see how to do this."
     ]
    },
    {
     "cell_type": "code",
     "collapsed": false,
     "input": [
      "# your code here"
     ],
     "language": "python",
     "metadata": {},
     "outputs": [],
     "prompt_number": 2
    },
    {
     "cell_type": "markdown",
     "metadata": {},
     "source": [
      "**Deliverable 1.3** Plot histograms of the \"pct_female\" column, for districts that voted for and against McCain in 2008. You may use the stackedHistogram function defined in the stats-refresher notebook. Use the conventional republican=red, democrat=blue color coding."
     ]
    },
    {
     "cell_type": "code",
     "collapsed": false,
     "input": [
      "def stackedHist(series_a,series_b,names=None,num_bins=10,normed=False):\n",
      "    bins = np.histogram(series_a.append(series_b),num_bins)[1]\n",
      "    y_d,_ = np.histogram(series_a,bins=bins)\n",
      "    y_r,_ = np.histogram(series_b,bins=bins)\n",
      "    if normed:\n",
      "        y_d = y_d / float(y_d.sum())\n",
      "        y_r = y_r / float(y_r.sum())\n",
      "\n",
      "    width = bins[1]-bins[0]\n",
      "    maxval = max(y_d.max(),y_r.max()) * 1.1\n",
      "    plt.ylim([-maxval,maxval])\n",
      "    plt.bar(bins[:-1]+0.5*width,+y_d,width=0.8*width,facecolor='blue',edgecolor='white',alpha=0.6)\n",
      "    plt.bar(bins[:-1]+0.5*width,-y_r,width=0.8*width,facecolor='red',edgecolor='white',alpha=0.6)\n",
      "    if names is not None:\n",
      "        plt.legend(names)"
     ],
     "language": "python",
     "metadata": {},
     "outputs": [],
     "prompt_number": 3
    },
    {
     "cell_type": "code",
     "collapsed": false,
     "input": [
      "# your code here"
     ],
     "language": "python",
     "metadata": {},
     "outputs": [],
     "prompt_number": 4
    },
    {
     "cell_type": "markdown",
     "metadata": {},
     "source": [
      "**Deliverable 1.4** \n",
      "- (a) What is the median percentage of women per district?\n",
      "- (b) What is the probability that a district has more than the median percentage of women, conditioned on having a republican incumbent?\n",
      "- (c) What is the probability of a district having a republican incumbent, given that it has more than the median percentage of women?"
     ]
    },
    {
     "cell_type": "code",
     "collapsed": false,
     "input": [
      "# your code here"
     ],
     "language": "python",
     "metadata": {},
     "outputs": [],
     "prompt_number": 5
    },
    {
     "cell_type": "markdown",
     "metadata": {},
     "source": [
      "**Deliverable 1.5** \n",
      "\n",
      "Report the p-value of a *binomial test* against the following null hypothesis:\n",
      "\n",
      "- **H0** The probability of a district having more than the median percentage of women is independent of whether it had a republican incumbent representative.\n",
      "- Determine whether you think this should be a one-tailed or two-tailed test, and explain why.\n",
      "\n",
      "(Hint: first compute the base frequency of having more than the median percentage of women. It will not be exactly 50%.)"
     ]
    },
    {
     "cell_type": "code",
     "collapsed": false,
     "input": [
      "# your code here"
     ],
     "language": "python",
     "metadata": {},
     "outputs": [],
     "prompt_number": 6
    },
    {
     "cell_type": "markdown",
     "metadata": {},
     "source": [
      "**Deliverable 1.6**\n",
      "\n",
      "Now use a z-test to compare the mean percentage of women in republican incumbent districts versus districts that don't have republican incumbents. (See the stats-refresher notebook for ideas about how to compute a z-test.)\n",
      "\n",
      "- Compute the group standard deviation\n",
      "- Compute the z-score\n",
      "- Then use norm.cdf to get a p-value. Use a two-tailed test."
     ]
    },
    {
     "cell_type": "code",
     "collapsed": false,
     "input": [
      "from scipy.stats import norm # hint!"
     ],
     "language": "python",
     "metadata": {},
     "outputs": [],
     "prompt_number": 7
    },
    {
     "cell_type": "code",
     "collapsed": false,
     "input": [
      "# your code here"
     ],
     "language": "python",
     "metadata": {},
     "outputs": [],
     "prompt_number": 8
    },
    {
     "cell_type": "markdown",
     "metadata": {},
     "source": [
      "** Deliverable 1.7 **\n",
      "\n",
      "Now evaluate the relationship of another column of the data frame to whether the district has a republican incumbent.\n",
      "\n",
      "- Plot histograms of the value of the attribute for both cases (republican incumbent or not)\n",
      "- Perform a z-test to compare the means"
     ]
    },
    {
     "cell_type": "markdown",
     "metadata": {},
     "source": [
      "# Correlations #"
     ]
    },
    {
     "cell_type": "code",
     "collapsed": false,
     "input": [
      "# the corr function computes the correlation between all pairs of attributes in your data frame\n",
      "df.corr()"
     ],
     "language": "python",
     "metadata": {},
     "outputs": [
      {
       "html": [
        "<div style=\"max-height:1000px;max-width:1500px;overflow:auto;\">\n",
        "<table border=\"1\" class=\"dataframe\">\n",
        "  <thead>\n",
        "    <tr style=\"text-align: right;\">\n",
        "      <th></th>\n",
        "      <th>Unnamed: 0</th>\n",
        "      <th>vote_share</th>\n",
        "      <th>mshare</th>\n",
        "      <th>eshare</th>\n",
        "      <th>rep_inc</th>\n",
        "      <th>mccain</th>\n",
        "      <th>median_age</th>\n",
        "      <th>pct_white</th>\n",
        "      <th>pct_college</th>\n",
        "      <th>med_hhinc</th>\n",
        "      <th>pct_female</th>\n",
        "      <th>cshare_nm</th>\n",
        "      <th>aug_mshare</th>\n",
        "      <th>sep_mshare</th>\n",
        "      <th>oct_mshare</th>\n",
        "      <th>aug_cnnshare</th>\n",
        "      <th>sep_cnnshare</th>\n",
        "      <th>oct_cnnshare</th>\n",
        "      <th>vote_share_12</th>\n",
        "      <th>mshare_12</th>\n",
        "    </tr>\n",
        "  </thead>\n",
        "  <tbody>\n",
        "    <tr>\n",
        "      <th>Unnamed: 0</th>\n",
        "      <td> 1.000000</td>\n",
        "      <td> 0.169135</td>\n",
        "      <td> 0.043087</td>\n",
        "      <td> 0.027490</td>\n",
        "      <td> 0.055957</td>\n",
        "      <td> 0.137984</td>\n",
        "      <td> 0.028977</td>\n",
        "      <td> 0.187968</td>\n",
        "      <td>-0.034156</td>\n",
        "      <td>-0.048395</td>\n",
        "      <td> 0.056122</td>\n",
        "      <td> 0.030891</td>\n",
        "      <td> 0.031216</td>\n",
        "      <td> 0.013484</td>\n",
        "      <td> 0.016895</td>\n",
        "      <td>-0.009058</td>\n",
        "      <td> 0.119730</td>\n",
        "      <td> 0.000285</td>\n",
        "      <td> 0.070039</td>\n",
        "      <td> 0.014902</td>\n",
        "    </tr>\n",
        "    <tr>\n",
        "      <th>vote_share</th>\n",
        "      <td> 0.169135</td>\n",
        "      <td> 1.000000</td>\n",
        "      <td> 0.508867</td>\n",
        "      <td> 0.532686</td>\n",
        "      <td> 0.705251</td>\n",
        "      <td> 0.915423</td>\n",
        "      <td> 0.309664</td>\n",
        "      <td> 0.670946</td>\n",
        "      <td>-0.117794</td>\n",
        "      <td> 0.060780</td>\n",
        "      <td>-0.331775</td>\n",
        "      <td> 0.190015</td>\n",
        "      <td> 0.491649</td>\n",
        "      <td> 0.400821</td>\n",
        "      <td> 0.401036</td>\n",
        "      <td> 0.170155</td>\n",
        "      <td> 0.186731</td>\n",
        "      <td> 0.075625</td>\n",
        "      <td> 0.287129</td>\n",
        "      <td> 0.148876</td>\n",
        "    </tr>\n",
        "    <tr>\n",
        "      <th>mshare</th>\n",
        "      <td> 0.043087</td>\n",
        "      <td> 0.508867</td>\n",
        "      <td> 1.000000</td>\n",
        "      <td> 0.982976</td>\n",
        "      <td> 0.480561</td>\n",
        "      <td> 0.432244</td>\n",
        "      <td> 0.082797</td>\n",
        "      <td> 0.302529</td>\n",
        "      <td>-0.039109</td>\n",
        "      <td> 0.083416</td>\n",
        "      <td>-0.260123</td>\n",
        "      <td> 0.350202</td>\n",
        "      <td> 0.696096</td>\n",
        "      <td> 0.794142</td>\n",
        "      <td> 0.841998</td>\n",
        "      <td> 0.254412</td>\n",
        "      <td> 0.247937</td>\n",
        "      <td> 0.232055</td>\n",
        "      <td> 0.170713</td>\n",
        "      <td> 0.056841</td>\n",
        "    </tr>\n",
        "    <tr>\n",
        "      <th>eshare</th>\n",
        "      <td> 0.027490</td>\n",
        "      <td> 0.532686</td>\n",
        "      <td> 0.982976</td>\n",
        "      <td> 1.000000</td>\n",
        "      <td> 0.490341</td>\n",
        "      <td> 0.453370</td>\n",
        "      <td> 0.096180</td>\n",
        "      <td> 0.310789</td>\n",
        "      <td>-0.033797</td>\n",
        "      <td> 0.087879</td>\n",
        "      <td>-0.269783</td>\n",
        "      <td> 0.351440</td>\n",
        "      <td> 0.721870</td>\n",
        "      <td> 0.782803</td>\n",
        "      <td> 0.820564</td>\n",
        "      <td> 0.250138</td>\n",
        "      <td> 0.248071</td>\n",
        "      <td> 0.232676</td>\n",
        "      <td> 0.178931</td>\n",
        "      <td> 0.076464</td>\n",
        "    </tr>\n",
        "    <tr>\n",
        "      <th>rep_inc</th>\n",
        "      <td> 0.055957</td>\n",
        "      <td> 0.705251</td>\n",
        "      <td> 0.480561</td>\n",
        "      <td> 0.490341</td>\n",
        "      <td> 1.000000</td>\n",
        "      <td> 0.566518</td>\n",
        "      <td> 0.125002</td>\n",
        "      <td> 0.278205</td>\n",
        "      <td>-0.004313</td>\n",
        "      <td> 0.121682</td>\n",
        "      <td>-0.183111</td>\n",
        "      <td> 0.181656</td>\n",
        "      <td> 0.437215</td>\n",
        "      <td> 0.348703</td>\n",
        "      <td> 0.390749</td>\n",
        "      <td> 0.220577</td>\n",
        "      <td> 0.137149</td>\n",
        "      <td> 0.075451</td>\n",
        "      <td> 0.217589</td>\n",
        "      <td> 0.126686</td>\n",
        "    </tr>\n",
        "    <tr>\n",
        "      <th>mccain</th>\n",
        "      <td> 0.137984</td>\n",
        "      <td> 0.915423</td>\n",
        "      <td> 0.432244</td>\n",
        "      <td> 0.453370</td>\n",
        "      <td> 0.566518</td>\n",
        "      <td> 1.000000</td>\n",
        "      <td> 0.281348</td>\n",
        "      <td> 0.665563</td>\n",
        "      <td>-0.211830</td>\n",
        "      <td>-0.019519</td>\n",
        "      <td>-0.353736</td>\n",
        "      <td> 0.157685</td>\n",
        "      <td> 0.386837</td>\n",
        "      <td> 0.345048</td>\n",
        "      <td> 0.326763</td>\n",
        "      <td> 0.157204</td>\n",
        "      <td> 0.155078</td>\n",
        "      <td> 0.053783</td>\n",
        "      <td> 0.287877</td>\n",
        "      <td> 0.133203</td>\n",
        "    </tr>\n",
        "    <tr>\n",
        "      <th>median_age</th>\n",
        "      <td> 0.028977</td>\n",
        "      <td> 0.309664</td>\n",
        "      <td> 0.082797</td>\n",
        "      <td> 0.096180</td>\n",
        "      <td> 0.125002</td>\n",
        "      <td> 0.281348</td>\n",
        "      <td> 1.000000</td>\n",
        "      <td> 0.489237</td>\n",
        "      <td> 0.132134</td>\n",
        "      <td> 0.191629</td>\n",
        "      <td> 0.118320</td>\n",
        "      <td> 0.017859</td>\n",
        "      <td> 0.127977</td>\n",
        "      <td> 0.056863</td>\n",
        "      <td> 0.056895</td>\n",
        "      <td>-0.009596</td>\n",
        "      <td> 0.076545</td>\n",
        "      <td> 0.041265</td>\n",
        "      <td> 0.060027</td>\n",
        "      <td> 0.013830</td>\n",
        "    </tr>\n",
        "    <tr>\n",
        "      <th>pct_white</th>\n",
        "      <td> 0.187968</td>\n",
        "      <td> 0.670946</td>\n",
        "      <td> 0.302529</td>\n",
        "      <td> 0.310789</td>\n",
        "      <td> 0.278205</td>\n",
        "      <td> 0.665563</td>\n",
        "      <td> 0.489237</td>\n",
        "      <td> 1.000000</td>\n",
        "      <td>-0.008088</td>\n",
        "      <td> 0.091592</td>\n",
        "      <td>-0.402209</td>\n",
        "      <td> 0.082839</td>\n",
        "      <td> 0.267945</td>\n",
        "      <td> 0.238132</td>\n",
        "      <td> 0.212230</td>\n",
        "      <td> 0.056406</td>\n",
        "      <td> 0.141239</td>\n",
        "      <td> 0.013590</td>\n",
        "      <td> 0.206445</td>\n",
        "      <td> 0.111360</td>\n",
        "    </tr>\n",
        "    <tr>\n",
        "      <th>pct_college</th>\n",
        "      <td>-0.034156</td>\n",
        "      <td>-0.117794</td>\n",
        "      <td>-0.039109</td>\n",
        "      <td>-0.033797</td>\n",
        "      <td>-0.004313</td>\n",
        "      <td>-0.211830</td>\n",
        "      <td> 0.132134</td>\n",
        "      <td>-0.008088</td>\n",
        "      <td> 1.000000</td>\n",
        "      <td> 0.793282</td>\n",
        "      <td> 0.106739</td>\n",
        "      <td> 0.014501</td>\n",
        "      <td> 0.036105</td>\n",
        "      <td>-0.047303</td>\n",
        "      <td>-0.019598</td>\n",
        "      <td>-0.003744</td>\n",
        "      <td>-0.008174</td>\n",
        "      <td> 0.047523</td>\n",
        "      <td>-0.220900</td>\n",
        "      <td>-0.047831</td>\n",
        "    </tr>\n",
        "    <tr>\n",
        "      <th>med_hhinc</th>\n",
        "      <td>-0.048395</td>\n",
        "      <td> 0.060780</td>\n",
        "      <td> 0.083416</td>\n",
        "      <td> 0.087879</td>\n",
        "      <td> 0.121682</td>\n",
        "      <td>-0.019519</td>\n",
        "      <td> 0.191629</td>\n",
        "      <td> 0.091592</td>\n",
        "      <td> 0.793282</td>\n",
        "      <td> 1.000000</td>\n",
        "      <td>-0.082909</td>\n",
        "      <td> 0.060003</td>\n",
        "      <td> 0.137833</td>\n",
        "      <td> 0.063333</td>\n",
        "      <td> 0.073136</td>\n",
        "      <td> 0.041662</td>\n",
        "      <td> 0.021734</td>\n",
        "      <td> 0.121261</td>\n",
        "      <td>-0.264227</td>\n",
        "      <td>-0.132764</td>\n",
        "    </tr>\n",
        "    <tr>\n",
        "      <th>pct_female</th>\n",
        "      <td> 0.056122</td>\n",
        "      <td>-0.331775</td>\n",
        "      <td>-0.260123</td>\n",
        "      <td>-0.269783</td>\n",
        "      <td>-0.183111</td>\n",
        "      <td>-0.353736</td>\n",
        "      <td> 0.118320</td>\n",
        "      <td>-0.402209</td>\n",
        "      <td> 0.106739</td>\n",
        "      <td>-0.082909</td>\n",
        "      <td> 1.000000</td>\n",
        "      <td>-0.112233</td>\n",
        "      <td>-0.208739</td>\n",
        "      <td>-0.226476</td>\n",
        "      <td>-0.199069</td>\n",
        "      <td>-0.096356</td>\n",
        "      <td>-0.040061</td>\n",
        "      <td>-0.030558</td>\n",
        "      <td>-0.075978</td>\n",
        "      <td>-0.065170</td>\n",
        "    </tr>\n",
        "    <tr>\n",
        "      <th>cshare_nm</th>\n",
        "      <td> 0.030891</td>\n",
        "      <td> 0.190015</td>\n",
        "      <td> 0.350202</td>\n",
        "      <td> 0.351440</td>\n",
        "      <td> 0.181656</td>\n",
        "      <td> 0.157685</td>\n",
        "      <td> 0.017859</td>\n",
        "      <td> 0.082839</td>\n",
        "      <td> 0.014501</td>\n",
        "      <td> 0.060003</td>\n",
        "      <td>-0.112233</td>\n",
        "      <td> 1.000000</td>\n",
        "      <td> 0.307545</td>\n",
        "      <td> 0.285664</td>\n",
        "      <td> 0.375212</td>\n",
        "      <td> 0.586524</td>\n",
        "      <td> 0.675707</td>\n",
        "      <td> 0.679577</td>\n",
        "      <td> 0.096492</td>\n",
        "      <td> 0.151804</td>\n",
        "    </tr>\n",
        "    <tr>\n",
        "      <th>aug_mshare</th>\n",
        "      <td> 0.031216</td>\n",
        "      <td> 0.491649</td>\n",
        "      <td> 0.696096</td>\n",
        "      <td> 0.721870</td>\n",
        "      <td> 0.437215</td>\n",
        "      <td> 0.386837</td>\n",
        "      <td> 0.127977</td>\n",
        "      <td> 0.267945</td>\n",
        "      <td> 0.036105</td>\n",
        "      <td> 0.137833</td>\n",
        "      <td>-0.208739</td>\n",
        "      <td> 0.307545</td>\n",
        "      <td> 1.000000</td>\n",
        "      <td> 0.577211</td>\n",
        "      <td> 0.522835</td>\n",
        "      <td> 0.270122</td>\n",
        "      <td> 0.210781</td>\n",
        "      <td> 0.189984</td>\n",
        "      <td> 0.129917</td>\n",
        "      <td> 0.095298</td>\n",
        "    </tr>\n",
        "    <tr>\n",
        "      <th>sep_mshare</th>\n",
        "      <td> 0.013484</td>\n",
        "      <td> 0.400821</td>\n",
        "      <td> 0.794142</td>\n",
        "      <td> 0.782803</td>\n",
        "      <td> 0.348703</td>\n",
        "      <td> 0.345048</td>\n",
        "      <td> 0.056863</td>\n",
        "      <td> 0.238132</td>\n",
        "      <td>-0.047303</td>\n",
        "      <td> 0.063333</td>\n",
        "      <td>-0.226476</td>\n",
        "      <td> 0.285664</td>\n",
        "      <td> 0.577211</td>\n",
        "      <td> 1.000000</td>\n",
        "      <td> 0.602305</td>\n",
        "      <td> 0.216171</td>\n",
        "      <td> 0.252816</td>\n",
        "      <td> 0.169405</td>\n",
        "      <td> 0.080455</td>\n",
        "      <td> 0.035218</td>\n",
        "    </tr>\n",
        "    <tr>\n",
        "      <th>oct_mshare</th>\n",
        "      <td> 0.016895</td>\n",
        "      <td> 0.401036</td>\n",
        "      <td> 0.841998</td>\n",
        "      <td> 0.820564</td>\n",
        "      <td> 0.390749</td>\n",
        "      <td> 0.326763</td>\n",
        "      <td> 0.056895</td>\n",
        "      <td> 0.212230</td>\n",
        "      <td>-0.019598</td>\n",
        "      <td> 0.073136</td>\n",
        "      <td>-0.199069</td>\n",
        "      <td> 0.375212</td>\n",
        "      <td> 0.522835</td>\n",
        "      <td> 0.602305</td>\n",
        "      <td> 1.000000</td>\n",
        "      <td> 0.272284</td>\n",
        "      <td> 0.240679</td>\n",
        "      <td> 0.250427</td>\n",
        "      <td> 0.158971</td>\n",
        "      <td> 0.078845</td>\n",
        "    </tr>\n",
        "    <tr>\n",
        "      <th>aug_cnnshare</th>\n",
        "      <td>-0.009058</td>\n",
        "      <td> 0.170155</td>\n",
        "      <td> 0.254412</td>\n",
        "      <td> 0.250138</td>\n",
        "      <td> 0.220577</td>\n",
        "      <td> 0.157204</td>\n",
        "      <td>-0.009596</td>\n",
        "      <td> 0.056406</td>\n",
        "      <td>-0.003744</td>\n",
        "      <td> 0.041662</td>\n",
        "      <td>-0.096356</td>\n",
        "      <td> 0.586524</td>\n",
        "      <td> 0.270122</td>\n",
        "      <td> 0.216171</td>\n",
        "      <td> 0.272284</td>\n",
        "      <td> 1.000000</td>\n",
        "      <td> 0.218984</td>\n",
        "      <td> 0.296198</td>\n",
        "      <td> 0.077367</td>\n",
        "      <td> 0.077849</td>\n",
        "    </tr>\n",
        "    <tr>\n",
        "      <th>sep_cnnshare</th>\n",
        "      <td> 0.119730</td>\n",
        "      <td> 0.186731</td>\n",
        "      <td> 0.247937</td>\n",
        "      <td> 0.248071</td>\n",
        "      <td> 0.137149</td>\n",
        "      <td> 0.155078</td>\n",
        "      <td> 0.076545</td>\n",
        "      <td> 0.141239</td>\n",
        "      <td>-0.008174</td>\n",
        "      <td> 0.021734</td>\n",
        "      <td>-0.040061</td>\n",
        "      <td> 0.675707</td>\n",
        "      <td> 0.210781</td>\n",
        "      <td> 0.252816</td>\n",
        "      <td> 0.240679</td>\n",
        "      <td> 0.218984</td>\n",
        "      <td> 1.000000</td>\n",
        "      <td> 0.410723</td>\n",
        "      <td> 0.095226</td>\n",
        "      <td> 0.122285</td>\n",
        "    </tr>\n",
        "    <tr>\n",
        "      <th>oct_cnnshare</th>\n",
        "      <td> 0.000285</td>\n",
        "      <td> 0.075625</td>\n",
        "      <td> 0.232055</td>\n",
        "      <td> 0.232676</td>\n",
        "      <td> 0.075451</td>\n",
        "      <td> 0.053783</td>\n",
        "      <td> 0.041265</td>\n",
        "      <td> 0.013590</td>\n",
        "      <td> 0.047523</td>\n",
        "      <td> 0.121261</td>\n",
        "      <td>-0.030558</td>\n",
        "      <td> 0.679577</td>\n",
        "      <td> 0.189984</td>\n",
        "      <td> 0.169405</td>\n",
        "      <td> 0.250427</td>\n",
        "      <td> 0.296198</td>\n",
        "      <td> 0.410723</td>\n",
        "      <td> 1.000000</td>\n",
        "      <td>-0.046722</td>\n",
        "      <td> 0.021861</td>\n",
        "    </tr>\n",
        "    <tr>\n",
        "      <th>vote_share_12</th>\n",
        "      <td> 0.070039</td>\n",
        "      <td> 0.287129</td>\n",
        "      <td> 0.170713</td>\n",
        "      <td> 0.178931</td>\n",
        "      <td> 0.217589</td>\n",
        "      <td> 0.287877</td>\n",
        "      <td> 0.060027</td>\n",
        "      <td> 0.206445</td>\n",
        "      <td>-0.220900</td>\n",
        "      <td>-0.264227</td>\n",
        "      <td>-0.075978</td>\n",
        "      <td> 0.096492</td>\n",
        "      <td> 0.129917</td>\n",
        "      <td> 0.080455</td>\n",
        "      <td> 0.158971</td>\n",
        "      <td> 0.077367</td>\n",
        "      <td> 0.095226</td>\n",
        "      <td>-0.046722</td>\n",
        "      <td> 1.000000</td>\n",
        "      <td> 0.493335</td>\n",
        "    </tr>\n",
        "    <tr>\n",
        "      <th>mshare_12</th>\n",
        "      <td> 0.014902</td>\n",
        "      <td> 0.148876</td>\n",
        "      <td> 0.056841</td>\n",
        "      <td> 0.076464</td>\n",
        "      <td> 0.126686</td>\n",
        "      <td> 0.133203</td>\n",
        "      <td> 0.013830</td>\n",
        "      <td> 0.111360</td>\n",
        "      <td>-0.047831</td>\n",
        "      <td>-0.132764</td>\n",
        "      <td>-0.065170</td>\n",
        "      <td> 0.151804</td>\n",
        "      <td> 0.095298</td>\n",
        "      <td> 0.035218</td>\n",
        "      <td> 0.078845</td>\n",
        "      <td> 0.077849</td>\n",
        "      <td> 0.122285</td>\n",
        "      <td> 0.021861</td>\n",
        "      <td> 0.493335</td>\n",
        "      <td> 1.000000</td>\n",
        "    </tr>\n",
        "  </tbody>\n",
        "</table>\n",
        "</div>"
       ],
       "metadata": {},
       "output_type": "pyout",
       "prompt_number": 19,
       "text": [
        "               Unnamed: 0  vote_share    mshare    eshare   rep_inc    mccain  \\\n",
        "Unnamed: 0       1.000000    0.169135  0.043087  0.027490  0.055957  0.137984   \n",
        "vote_share       0.169135    1.000000  0.508867  0.532686  0.705251  0.915423   \n",
        "mshare           0.043087    0.508867  1.000000  0.982976  0.480561  0.432244   \n",
        "eshare           0.027490    0.532686  0.982976  1.000000  0.490341  0.453370   \n",
        "rep_inc          0.055957    0.705251  0.480561  0.490341  1.000000  0.566518   \n",
        "mccain           0.137984    0.915423  0.432244  0.453370  0.566518  1.000000   \n",
        "median_age       0.028977    0.309664  0.082797  0.096180  0.125002  0.281348   \n",
        "pct_white        0.187968    0.670946  0.302529  0.310789  0.278205  0.665563   \n",
        "pct_college     -0.034156   -0.117794 -0.039109 -0.033797 -0.004313 -0.211830   \n",
        "med_hhinc       -0.048395    0.060780  0.083416  0.087879  0.121682 -0.019519   \n",
        "pct_female       0.056122   -0.331775 -0.260123 -0.269783 -0.183111 -0.353736   \n",
        "cshare_nm        0.030891    0.190015  0.350202  0.351440  0.181656  0.157685   \n",
        "aug_mshare       0.031216    0.491649  0.696096  0.721870  0.437215  0.386837   \n",
        "sep_mshare       0.013484    0.400821  0.794142  0.782803  0.348703  0.345048   \n",
        "oct_mshare       0.016895    0.401036  0.841998  0.820564  0.390749  0.326763   \n",
        "aug_cnnshare    -0.009058    0.170155  0.254412  0.250138  0.220577  0.157204   \n",
        "sep_cnnshare     0.119730    0.186731  0.247937  0.248071  0.137149  0.155078   \n",
        "oct_cnnshare     0.000285    0.075625  0.232055  0.232676  0.075451  0.053783   \n",
        "vote_share_12    0.070039    0.287129  0.170713  0.178931  0.217589  0.287877   \n",
        "mshare_12        0.014902    0.148876  0.056841  0.076464  0.126686  0.133203   \n",
        "\n",
        "               median_age  pct_white  pct_college  med_hhinc  pct_female  \\\n",
        "Unnamed: 0       0.028977   0.187968    -0.034156  -0.048395    0.056122   \n",
        "vote_share       0.309664   0.670946    -0.117794   0.060780   -0.331775   \n",
        "mshare           0.082797   0.302529    -0.039109   0.083416   -0.260123   \n",
        "eshare           0.096180   0.310789    -0.033797   0.087879   -0.269783   \n",
        "rep_inc          0.125002   0.278205    -0.004313   0.121682   -0.183111   \n",
        "mccain           0.281348   0.665563    -0.211830  -0.019519   -0.353736   \n",
        "median_age       1.000000   0.489237     0.132134   0.191629    0.118320   \n",
        "pct_white        0.489237   1.000000    -0.008088   0.091592   -0.402209   \n",
        "pct_college      0.132134  -0.008088     1.000000   0.793282    0.106739   \n",
        "med_hhinc        0.191629   0.091592     0.793282   1.000000   -0.082909   \n",
        "pct_female       0.118320  -0.402209     0.106739  -0.082909    1.000000   \n",
        "cshare_nm        0.017859   0.082839     0.014501   0.060003   -0.112233   \n",
        "aug_mshare       0.127977   0.267945     0.036105   0.137833   -0.208739   \n",
        "sep_mshare       0.056863   0.238132    -0.047303   0.063333   -0.226476   \n",
        "oct_mshare       0.056895   0.212230    -0.019598   0.073136   -0.199069   \n",
        "aug_cnnshare    -0.009596   0.056406    -0.003744   0.041662   -0.096356   \n",
        "sep_cnnshare     0.076545   0.141239    -0.008174   0.021734   -0.040061   \n",
        "oct_cnnshare     0.041265   0.013590     0.047523   0.121261   -0.030558   \n",
        "vote_share_12    0.060027   0.206445    -0.220900  -0.264227   -0.075978   \n",
        "mshare_12        0.013830   0.111360    -0.047831  -0.132764   -0.065170   \n",
        "\n",
        "               cshare_nm  aug_mshare  sep_mshare  oct_mshare  aug_cnnshare  \\\n",
        "Unnamed: 0      0.030891    0.031216    0.013484    0.016895     -0.009058   \n",
        "vote_share      0.190015    0.491649    0.400821    0.401036      0.170155   \n",
        "mshare          0.350202    0.696096    0.794142    0.841998      0.254412   \n",
        "eshare          0.351440    0.721870    0.782803    0.820564      0.250138   \n",
        "rep_inc         0.181656    0.437215    0.348703    0.390749      0.220577   \n",
        "mccain          0.157685    0.386837    0.345048    0.326763      0.157204   \n",
        "median_age      0.017859    0.127977    0.056863    0.056895     -0.009596   \n",
        "pct_white       0.082839    0.267945    0.238132    0.212230      0.056406   \n",
        "pct_college     0.014501    0.036105   -0.047303   -0.019598     -0.003744   \n",
        "med_hhinc       0.060003    0.137833    0.063333    0.073136      0.041662   \n",
        "pct_female     -0.112233   -0.208739   -0.226476   -0.199069     -0.096356   \n",
        "cshare_nm       1.000000    0.307545    0.285664    0.375212      0.586524   \n",
        "aug_mshare      0.307545    1.000000    0.577211    0.522835      0.270122   \n",
        "sep_mshare      0.285664    0.577211    1.000000    0.602305      0.216171   \n",
        "oct_mshare      0.375212    0.522835    0.602305    1.000000      0.272284   \n",
        "aug_cnnshare    0.586524    0.270122    0.216171    0.272284      1.000000   \n",
        "sep_cnnshare    0.675707    0.210781    0.252816    0.240679      0.218984   \n",
        "oct_cnnshare    0.679577    0.189984    0.169405    0.250427      0.296198   \n",
        "vote_share_12   0.096492    0.129917    0.080455    0.158971      0.077367   \n",
        "mshare_12       0.151804    0.095298    0.035218    0.078845      0.077849   \n",
        "\n",
        "               sep_cnnshare  oct_cnnshare  vote_share_12  mshare_12  \n",
        "Unnamed: 0         0.119730      0.000285       0.070039   0.014902  \n",
        "vote_share         0.186731      0.075625       0.287129   0.148876  \n",
        "mshare             0.247937      0.232055       0.170713   0.056841  \n",
        "eshare             0.248071      0.232676       0.178931   0.076464  \n",
        "rep_inc            0.137149      0.075451       0.217589   0.126686  \n",
        "mccain             0.155078      0.053783       0.287877   0.133203  \n",
        "median_age         0.076545      0.041265       0.060027   0.013830  \n",
        "pct_white          0.141239      0.013590       0.206445   0.111360  \n",
        "pct_college       -0.008174      0.047523      -0.220900  -0.047831  \n",
        "med_hhinc          0.021734      0.121261      -0.264227  -0.132764  \n",
        "pct_female        -0.040061     -0.030558      -0.075978  -0.065170  \n",
        "cshare_nm          0.675707      0.679577       0.096492   0.151804  \n",
        "aug_mshare         0.210781      0.189984       0.129917   0.095298  \n",
        "sep_mshare         0.252816      0.169405       0.080455   0.035218  \n",
        "oct_mshare         0.240679      0.250427       0.158971   0.078845  \n",
        "aug_cnnshare       0.218984      0.296198       0.077367   0.077849  \n",
        "sep_cnnshare       1.000000      0.410723       0.095226   0.122285  \n",
        "oct_cnnshare       0.410723      1.000000      -0.046722   0.021861  \n",
        "vote_share_12      0.095226     -0.046722       1.000000   0.493335  \n",
        "mshare_12          0.122285      0.021861       0.493335   1.000000  "
       ]
      }
     ],
     "prompt_number": 19
    },
    {
     "cell_type": "markdown",
     "metadata": {},
     "source": [
      "**Deliverable 2.1** Pick one of these correlations, and make a scatter plot. \n",
      "\n",
      "Practice good data hygeine, and label your axes! (plt.xlabel, plt.ylabel)\n",
      "\n",
      "Print the correlation below the plot."
     ]
    },
    {
     "cell_type": "code",
     "collapsed": false,
     "input": [
      "# your code here"
     ],
     "language": "python",
     "metadata": {},
     "outputs": [],
     "prompt_number": 9
    },
    {
     "cell_type": "markdown",
     "metadata": {},
     "source": [
      "**Deliverable 2.2** For the same correlation, use the Fisher transform to convert it to a z-score, and then convert to a p-value. Should you use a one-tailed test or a two-tailed test? Why?"
     ]
    },
    {
     "cell_type": "code",
     "collapsed": false,
     "input": [
      "# your code here"
     ],
     "language": "python",
     "metadata": {},
     "outputs": [],
     "prompt_number": 10
    },
    {
     "cell_type": "markdown",
     "metadata": {},
     "source": [
      "**Deliverable 2.3**: Now compute the same p-value using the bootstrap. See my stats refresher notebook for ideas on how to do this.\n",
      "\n",
      "- Do enough iterations so that the p-value is greater than zero. \n",
      "- If your analytic p-value is really small, you might want to go back and select a different pair of variables."
     ]
    },
    {
     "cell_type": "code",
     "collapsed": false,
     "input": [
      "def bootstrap_df(X):\n",
      "    indices = np.random.randint(len(X),size=len(X)) #randomly N integers between 0 and N\n",
      "    return X.iloc[indices] #need to use iloc to get a new dataframe or series of instances"
     ],
     "language": "python",
     "metadata": {},
     "outputs": [],
     "prompt_number": 78
    },
    {
     "cell_type": "code",
     "collapsed": false,
     "input": [
      "# your code here"
     ],
     "language": "python",
     "metadata": {},
     "outputs": [],
     "prompt_number": 11
    },
    {
     "cell_type": "markdown",
     "metadata": {},
     "source": [
      "**Deliverable 2.4 (Extra credit)**: \n",
      "\n",
      "- Get *all* correlations (except self-correlations)\n",
      "- Convert to p-values using the fisher transform\n",
      "- Compute the FDR for a threshold of 0.001\n",
      "- List the correlations that pass\n",
      "\n",
      "Some hints:\n",
      "\n",
      "- Consider np.triu_indices if you want to use numpy arrays rather than loops\n",
      "- Not all columns have values in all rows, some are NA ('not available'). There are different ways to handle this.\n"
     ]
    },
    {
     "cell_type": "code",
     "collapsed": false,
     "input": [
      "# your code here"
     ],
     "language": "python",
     "metadata": {},
     "outputs": [],
     "prompt_number": 12
    },
    {
     "cell_type": "code",
     "collapsed": false,
     "input": [
      "# a possibly interesting plot from my version of this problem\n",
      "plt.scatter(all_corr,p)\n",
      "plt.plot([all_corr.min(),all_corr.max()],[.01,.01],'r')\n",
      "plt.autoscale(tight=True)\n"
     ],
     "language": "python",
     "metadata": {},
     "outputs": [
      {
       "metadata": {},
       "output_type": "display_data",
